количество точек n = 100
последовательная программа t = 50.407591

threads = 2: 48.592371 40.500417 41.148502 58.283415 31.070043
threads = 3: 44.895779 30.973030 30.754071 43.357724 22.908578
threads = 4: 46.694665 27.697996 27.689961 40.015903 21.031524